process 0:
  max_log_density: -0.5891131057556498
  max_importance_weight: 0.03135306673992883
  sum_importance_weight: 6.270822026940667
  weighted_mean: [0.8219619775114951, 0.4634791865325472, 0.2497086620968567, 0.32205225948867167, 0.2506124731881571, 0.3918860768900678, 0.7508355811908052, 0.4650119445473758, 0.6066785877014741, 0.5356211864006291]
  weighted_cov_diag: [0.0006216151823376589, 0.0006193282520908825, 0.0006677392693572687, 0.0006307942414178615, 0.0006137181866208958, 0.0006040264994543822, 0.0006112584158577526, 0.000577626480142441, 0.0006034166065983825, 0.0006077083485243418]
  weighted_cov:

    [0.0006216151823376589, 6.0420569623364666e-06, 2.7119787746212342e-05, -1.2177337061796919e-05, 1.994378043209097e-05, 9.000566121166788e-06, 3.949870641698071e-05, -1.2343517682962836e-05, -2.6767575907463184e-05, -3.1399245949144936e-05]
    [6.042056962336468e-06, 0.0006193282520908825, 7.670939518792831e-06, 2.5541159736392147e-06, 8.340435849751611e-06, -8.614415662792329e-06, 1.870874598698945e-06, 2.6947825436787777e-05, 1.8566284100844068e-05, 1.8122658857599365e-05]
    [2.7119787746212345e-05, 7.670939518792842e-06, 0.0006677392693572687, -4.887937825246805e-06, -7.011465841393291e-07, -2.1698959043113406e-05, -2.665928281933028e-05, 4.237245750316305e-07, -4.728000417794543e-06, -1.554196498604904e-06]
    [-1.2177337061796905e-05, 2.5541159736392194e-06, -4.887937825246805e-06, 0.0006307942414178615, 1.3643908366559048e-05, -1.8565535670093558e-05, -3.243924783557516e-05, 2.120504094149909e-05, -8.100225624175807e-06, -7.9555673763293e-06]
    [1.9943780432090963e-05, 8.340435849751611e-06, -7.011465841393298e-07, 1.3643908366559046e-05, 0.0006137181866208958, 3.4021550235952326e-05, -2.649507438822927e-05, -8.85860685340442e-06, 1.7080651693350182e-06, -3.097791329071998e-06]
    [9.000566121166788e-06, -8.614415662792322e-06, -2.1698959043113402e-05, -1.856553567009356e-05, 3.402155023595232e-05, 0.0006040264994543822, 4.516256832555908e-05, 9.612525335122744e-06, 1.948354555469722e-05, -3.575948263542011e-06]
    [3.949870641698072e-05, 1.8708745986989419e-06, -2.665928281933028e-05, -3.243924783557515e-05, -2.6495074388229276e-05, 4.516256832555908e-05, 0.0006112584158577526, -6.004839507338213e-06, 4.783552978403087e-06, 1.0047971871630998e-05]
    [-1.2343517682962827e-05, 2.6947825436787777e-05, 4.237245750316267e-07, 2.1205040941499093e-05, -8.858606853404427e-06, 9.612525335122743e-06, -6.004839507338212e-06, 0.000577626480142441, 1.8487516340706168e-05, 1.9882675371506713e-05]
    [-2.6767575907463194e-05, 1.8566284100844068e-05, -4.728000417794543e-06, -8.100225624175805e-06, 1.7080651693350161e-06, 1.948354555469723e-05, 4.783552978403081e-06, 1.8487516340706168e-05, 0.0006034166065983825, -1.4023382998163731e-05]
    [-3.139924594914494e-05, 1.812265885759937e-05, -1.5541964986048953e-06, -7.955567376329307e-06, -3.097791329071988e-06, -3.5759482635420128e-06, 1.0047971871631e-05, 1.9882675371506706e-05, -1.4023382998163733e-05, 0.0006077083485243418]
process 1:
  max_log_density: -0.6304965532009573
  max_importance_weight: 0.048270289863054636
  sum_importance_weight: 6.669881352631024
  weighted_mean: [0.1767037746558738, 0.8223857596117519, 0.39225851893630415, 0.25028761506271724, 0.8224220748654553, 0.6784519208164602, 0.6070287794897125, 0.3213152847488296, 0.3215540034452343, 0.39203235369057515]
  weighted_cov_diag: [0.0006143288222651277, 0.0006551934280474625, 0.0006060555606622678, 0.0006268945090668497, 0.0006324533541594181, 0.0005962726728733121, 0.0006314465726009167, 0.0006510382110084406, 0.0006877913820149729, 0.000640948036514995]
  weighted_cov:

    [0.0006143288222651277, 4.940986650743065e-05, 1.693168089074593e-05, -1.6147661308881685e-05, 1.2202270018657818e-05, -1.3318195637783971e-05, -1.2276525581530067e-06, 2.3023528895835137e-05, -2.1842659967721606e-06, -2.9296377039861174e-05]
    [4.940986650743065e-05, 0.0006551934280474625, -1.4904367339753667e-05, 4.0997234167862974e-06, -4.896947434809797e-06, 1.581458272426153e-05, 2.273530606778605e-05, -4.229055799354872e-06, -1.3588754293883912e-05, 1.2901441502243614e-05]
    [1.693168089074592e-05, -1.490436733975367e-05, 0.0006060555606622678, -7.853849362306566e-06, 5.620766301095741e-06, 7.932612279634074e-06, -4.325316410867498e-06, 1.1071621749471565e-05, -1.0687281737213606e-06, -1.7828462540033174e-05]
    [-1.614766130888169e-05, 4.099723416786293e-06, -7.853849362306568e-06, 0.0006268945090668497, -3.8796637981931335e-05, -2.1144465520970665e-05, 2.700066899320603e-05, 5.0669924066521854e-05, 2.0744773142850383e-06, 1.6592819863215469e-06]
    [1.2202270018657818e-05, -4.896947434809801e-06, 5.620766301095743e-06, -3.8796637981931335e-05, 0.0006324533541594181, 9.22846171651469e-06, 1.7066639283120305e-05, 1.5513602221774204e-05, -1.9127483862431515e-07, 1.5608072090458488e-05]
    [-1.3318195637783968e-05, 1.5814582724261536e-05, 7.932612279634065e-06, -2.1144465520970665e-05, 9.228461716514692e-06, 0.0005962726728733121, 6.265691245739907e-06, 1.1838691561707976e-05, -5.276479395198505e-06, -4.785898276144119e-06]
    [-1.2276525581530089e-06, 2.273530606778605e-05, -4.325316410867496e-06, 2.700066899320603e-05, 1.7066639283120302e-05, 6.26569124573991e-06, 0.0006314465726009167, 1.8969259528615046e-07, -1.2753952620821299e-06, -1.1871444479792995e-05]
    [2.3023528895835144e-05, -4.229055799354875e-06, 1.1071621749471562e-05, 5.066992406652187e-05, 1.55136022217742e-05, 1.1838691561707977e-05, 1.896925952861464e-07, 0.0006510382110084406, -1.6512604118634658e-05, -4.0811037336635754e-06]
    [-2.184265996772172e-06, -1.3588754293883916e-05, -1.0687281737213585e-06, 2.0744773142850413e-06, -1.912748386243111e-07, -5.276479395198513e-06, -1.2753952620821256e-06, -1.6512604118634658e-05, 0.0006877913820149729, -2.0562921160586408e-05]
    [-2.9296377039861174e-05, 1.290144150224362e-05, -1.7828462540033174e-05, 1.6592819863215515e-06, 1.5608072090458488e-05, -4.785898276144124e-06, -1.187144447979299e-05, -4.081103733663577e-06, -2.0562921160586408e-05, 0.000640948036514995]
process 2:
  max_log_density: -0.6364473585699826
  max_importance_weight: 0.03063633734659792
  sum_importance_weight: 6.164897571926456
  weighted_mean: [0.6074017096649741, 0.5356978468121845, 0.6795217059727713, 0.8209935079553718, 0.39343580236271464, 0.5366908879024844, 0.17765439570081398, 0.6775016274486568, 0.6785837970859705, 0.32295046280918555]
  weighted_cov_diag: [0.000617675731472842, 0.000592597233899106, 0.0005962929783238241, 0.000666560204910047, 0.0005967299863598624, 0.0005513087241484304, 0.0006029704182386911, 0.0006288311602689918, 0.000619215957680124, 0.000641001048718771]
  weighted_cov:

    [0.000617675731472842, -6.39446561323821e-06, 4.12257498348866e-06, 1.397834124543419e-05, 6.284338351952038e-06, -2.472578076001928e-05, -1.6142730188508378e-05, 3.854290497923699e-05, -2.497234197960142e-06, -2.363357873521755e-05]
    [-6.394465613238205e-06, 0.000592597233899106, 3.304794080512908e-05, 1.7739299120497557e-05, 1.4187215561336367e-05, 7.147553801538703e-06, 2.1898526320634566e-05, -1.2653482282850596e-05, -1.2905272374708407e-05, -7.041616561864325e-06]
    [4.122574983488659e-06, 3.304794080512908e-05, 0.0005962929783238241, 7.977264302544364e-06, -9.850366906229685e-06, 2.8387585392339276e-05, -1.2658545865247414e-06, 8.0070034235191e-06, 5.951466241552223e-06, 5.397640967276303e-06]
    [1.3978341245434187e-05, 1.7739299120497564e-05, 7.977264302544367e-06, 0.000666560204910047, -1.736648363299526e-05, -1.4389670422989042e-06, -5.777714060133641e-06, -2.5625105912125894e-05, -2.2844609261044698e-05, 2.438288101436874e-07]
    [6.284338351952034e-06, 1.4187215561336366e-05, -9.850366906229685e-06, -1.7366483632995264e-05, 0.0005967299863598624, -1.2836948227855161e-05, 1.1611236902133101e-05, 1.650421806709661e-05, -8.521878988439206e-06, 1.9196778412331172e-05]
    [-2.4725780760019284e-05, 7.147553801538708e-06, 2.8387585392339283e-05, -1.438967042298911e-06, -1.2836948227855175e-05, 0.0005513087241484304, -1.9477025870833792e-05, 1.184433398850076e-05, 5.492525436959914e-06, -1.8469930392909066e-05]
    [-1.614273018850838e-05, 2.1898526320634566e-05, -1.2658545865247382e-06, -5.777714060133648e-06, 1.1611236902133096e-05, -1.9477025870833792e-05, 0.0006029704182386911, -1.457618664584112e-05, -2.7147727126989516e-06, -7.421109915694048e-06]
    [3.854290497923699e-05, -1.2653482282850596e-05, 8.007003423519106e-06, -2.5625105912125894e-05, 1.6504218067096617e-05, 1.1844333988500754e-05, -1.4576186645841117e-05, 0.0006288311602689918, -5.054460949602437e-06, -2.3357414437191013e-06]
    [-2.4972341979601494e-06, -1.2905272374708404e-05, 5.9514662415522286e-06, -2.28446092610447e-05, -8.521878988439203e-06, 5.492525436959918e-06, -2.7147727126989525e-06, -5.054460949602437e-06, 0.000619215957680124, 3.4347221109794694e-05]
    [-2.363357873521755e-05, -7.0416165618643225e-06, 5.397640967276305e-06, 2.43828810143683e-07, 1.9196778412331172e-05, -1.8469930392909073e-05, -7.421109915694055e-06, -2.3357414437191026e-06, 3.434722110979471e-05, 0.000641001048718771]
process 3:
  max_log_density: -0.7277593295661977
  max_importance_weight: 0.035591853376978684
  sum_importance_weight: 6.8414063647565815
  weighted_mean: [0.39255078429770424, 0.39338419410518227, 0.8202582191174379, 0.5359256347342538, 0.6062636409092154, 0.24984101186233057, 0.39358938538806854, 0.534933298487186, 0.1774588057551461, 0.8217897606730175]
  weighted_cov_diag: [0.000618568549874073, 0.0006086443279036674, 0.0006299138534401462, 0.0006110327911977386, 0.0006104642385658054, 0.0006201807005230381, 0.0006220504613190528, 0.0006237830247719897, 0.0005942564408179865, 0.0006306023785538463]
  weighted_cov:

    [0.000618568549874073, -1.3501917975675343e-06, 3.044900141895889e-06, -9.081516866383789e-06, 1.705435030808058e-05, 1.0718917423888023e-05, 1.059377020716196e-05, -8.265865718128779e-06, -1.8309249691929974e-05, -1.2015696291454774e-05]
    [-1.3501917975675343e-06, 0.0006086443279036674, 6.5628933720978674e-06, 2.7912397656644287e-05, 5.454999110251332e-06, -1.4344216834430392e-05, 3.411736073004396e-05, 5.02425931259613e-06, -1.2976970259199404e-05, -8.307421880239575e-06]
    [3.0449001418958884e-06, 6.56289337209787e-06, 0.0006299138534401462, 1.4843139923451294e-06, -1.1551849706393722e-05, 1.0151411275996772e-07, -1.1765773444452219e-05, -4.2207939255005535e-06, 1.4247646716720306e-06, 3.5607213236973394e-05]
    [-9.08151686638379e-06, 2.7912397656644294e-05, 1.4843139923451298e-06, 0.0006110327911977386, -6.796670161203154e-06, 9.911926913885516e-06, -1.2955776404867732e-05, 1.7804431775734772e-05, 1.6735009488289513e-05, 3.357146100222535e-06]
    [1.7054350308080584e-05, 5.454999110251336e-06, -1.1551849706393717e-05, -6.7966701612031585e-06, 0.0006104642385658054, -2.6252493830910255e-06, 1.6509210121694133e-05, -1.0938465396184934e-05, -2.287699073710851e-06, 2.4772626623557038e-05]
    [1.0718917423888018e-05, -1.4344216834430382e-05, 1.0151411275996374e-07, 9.911926913885523e-06, -2.6252493830910276e-06, 0.0006201807005230381, 6.998183401354789e-06, -1.2084890737933563e-05, 1.5680161597892974e-05, -9.588289767489746e-06]
    [1.059377020716196e-05, 3.411736073004396e-05, -1.1765773444452222e-05, -1.2955776404867737e-05, 1.6509210121694137e-05, 6.998183401354793e-06, 0.0006220504613190528, 6.511304691783841e-06, 7.239567216165291e-07, 1.062309605205533e-06]
    [-8.265865718128777e-06, 5.0242593125961275e-06, -4.220793925500555e-06, 1.780443177573477e-05, -1.093846539618492e-05, -1.2084890737933563e-05, 6.511304691783847e-06, 0.0006237830247719897, 1.0813987173384558e-06, -2.5611832132874155e-05]
    [-1.8309249691929974e-05, -1.2976970259199404e-05, 1.424764671672032e-06, 1.6735009488289523e-05, -2.2876990737108555e-06, 1.5680161597892977e-05, 7.23956721616531e-07, 1.081398717338452e-06, 0.0005942564408179865, -1.3904813996927303e-06]
    [-1.2015696291454786e-05, -8.307421880239573e-06, 3.560721323697339e-05, 3.3571461002225308e-06, 2.4772626623557038e-05, -9.588289767489743e-06, 1.062309605205527e-06, -2.5611832132874155e-05, -1.3904813996927396e-06, 0.0006306023785538463]
process 4:
  max_log_density: -0.7528887149739663
  max_importance_weight: 0.03951864718836603
  sum_importance_weight: 7.220498452540259
  weighted_mean: [0.5372386792522261, 0.32292890792750495, 0.46456315654266234, 0.4650383348915351, 0.32159111241127125, 0.17813292574801645, 0.24870145615562142, 0.1793643366671843, 0.3942434160760552, 0.46567988828377344]
  weighted_cov_diag: [0.0006376177537259993, 0.0006067352660368207, 0.0006349235204382415, 0.00064789817634312, 0.0006254853646737759, 0.0006086960301604795, 0.0005692626864021819, 0.0006701142605354492, 0.0006483325523937213, 0.0005840725074177966]
  weighted_cov:

    [0.0006376177537259993, -2.2916372150363852e-05, 2.113862889169826e-05, -7.620323878334951e-06, -7.924442494851493e-06, -6.7408577124545094e-06, 4.352603221945467e-05, 3.1913266110511874e-07, 3.4538606957842864e-06, 6.247241431363135e-06]
    [-2.2916372150363842e-05, 0.0006067352660368207, -9.125107816889438e-06, 1.88150741761561e-05, -1.1731335329587398e-06, 1.0135761237634907e-05, 2.3893598557359993e-06, -2.0869498171302888e-05, -2.3808523984810358e-05, -1.390520462744247e-05]
    [2.113862889169826e-05, -9.12510781688944e-06, 0.0006349235204382415, 1.561000018566959e-06, 8.321075721624006e-06, 1.1507488347790627e-05, -1.9794631871492833e-05, -1.294520543191225e-05, -1.232598532642213e-05, -2.1769879165392696e-05]
    [-7.6203238783349525e-06, 1.88150741761561e-05, 1.561000018566961e-06, 0.00064789817634312, -2.5512672121992083e-06, -9.629216843194189e-06, -2.6643598791100314e-05, -2.708267901736966e-06, -1.5773306356048385e-05, -3.217027053751078e-05]
    [-7.924442494851494e-06, -1.1731335329587483e-06, 8.321075721623997e-06, -2.55126721219921e-06, 0.0006254853646737759, -2.3213245359071323e-05, 1.404020766761266e-05, 2.9506494665307656e-05, -1.4564447591840901e-05, -1.5025192754193416e-06]
    [-6.740857712454511e-06, 1.0135761237634902e-05, 1.1507488347790625e-05, -9.629216843194182e-06, -2.3213245359071323e-05, 0.0006086960301604795, 1.6561505669033345e-05, 1.7878253564846658e-05, 4.85594364568599e-07, -1.3140988632860555e-05]
    [4.352603221945465e-05, 2.389359855736001e-06, -1.9794631871492833e-05, -2.6643598791100317e-05, 1.404020766761266e-05, 1.6561505669033355e-05, 0.0005692626864021819, 4.095704112325829e-06, 1.7025454439021333e-05, 1.199630454552323e-05]
    [3.191326611051169e-07, -2.0869498171302888e-05, -1.2945205431912254e-05, -2.708267901736957e-06, 2.9506494665307656e-05, 1.7878253564846658e-05, 4.095704112325832e-06, 0.0006701142605354492, -1.100895907030613e-05, 4.4593781049618265e-06]
    [3.4538606957842847e-06, -2.3808523984810358e-05, -1.232598532642213e-05, -1.5773306356048385e-05, -1.4564447591840896e-05, 4.855943645685934e-07, 1.7025454439021336e-05, -1.1008959070306137e-05, 0.0006483325523937213, 2.753032426506603e-05]
    [6.247241431363135e-06, -1.3905204627442467e-05, -2.1769879165392696e-05, -3.217027053751078e-05, -1.5025192754193386e-06, -1.3140988632860555e-05, 1.199630454552323e-05, 4.459378104961822e-06, 2.7530324265066027e-05, 0.0005840725074177966]
process 5:
  max_log_density: -0.8331514582669106
  max_importance_weight: 0.03519842568869688
  sum_importance_weight: 6.981635771618095
  weighted_mean: [0.6785124230340216, 0.2507916360059172, 0.17789212547410813, 0.7504109741931816, 0.7497563791088042, 0.749512299756853, 0.6801703920538399, 0.25026483163930874, 0.534846388299573, 0.17714750559653755]
  weighted_cov_diag: [0.0005935832976734448, 0.0006185767490845574, 0.0006591010351212179, 0.0006397552836304358, 0.0006488120422653162, 0.0006537200597172636, 0.0005859301500501983, 0.000653304693930382, 0.000608226888610503, 0.0006167648551119563]
  weighted_cov:

    [0.0005935832976734448, 1.8883898775392834e-05, -2.1847601294257247e-05, -2.2185456315124317e-06, -1.0340813066601692e-05, 3.4243652436003405e-06, -6.543626938759093e-06, -1.994346560113127e-05, -7.928107675687723e-06, -1.6261492852317316e-05]
    [1.888389877539284e-05, 0.0006185767490845574, -3.7994787813260245e-06, 1.876069882853233e-05, -1.7783746923679027e-05, 1.6908359226691248e-05, -1.6000883705989413e-05, 1.0355017204786632e-05, 3.652006923439746e-06, 1.1330703893914225e-05]
    [-2.1847601294257247e-05, -3.7994787813260228e-06, 0.0006591010351212179, -7.343680873297154e-06, 4.052676327766338e-06, 2.3754669821749e-06, 2.041352403128763e-05, 5.045843407441628e-07, 3.344271491174246e-06, -1.0569582920063274e-05]
    [-2.2185456315124364e-06, 1.8760698828532324e-05, -7.343680873297145e-06, 0.0006397552836304358, 3.673034807443213e-07, -7.085791593531998e-06, 2.0460744178456956e-05, -9.055906581648023e-06, 1.9442375840562527e-05, 1.6317197259205305e-06]
    [-1.0340813066601687e-05, -1.778374692367903e-05, 4.052676327766337e-06, 3.6730348074432034e-07, 0.0006488120422653162, -7.515915384511393e-06, -1.6196044065180838e-05, 1.79291726843067e-05, 1.6884311300184408e-05, -2.7118379833158856e-05]
    [3.424365243600336e-06, 1.690835922669125e-05, 2.375466982174901e-06, -7.085791593531997e-06, -7.5159153845113955e-06, 0.0006537200597172636, -5.450903597363985e-06, -1.0267405190404617e-06, 2.886079357917366e-06, 1.5177176038483826e-05]
    [-6.543626938759087e-06, -1.6000883705989423e-05, 2.041352403128763e-05, 2.0460744178456956e-05, -1.6196044065180834e-05, -5.4509035973639735e-06, 0.0005859301500501983, 5.022950391512148e-06, 3.0863246780033616e-05, -2.168609816082294e-05]
    [-1.994346560113127e-05, 1.0355017204786635e-05, 5.045843407441661e-07, -9.055906581648027e-06, 1.79291726843067e-05, -1.0267405190404606e-06, 5.022950391512148e-06, 0.000653304693930382, 1.376857020657828e-05, 2.0352742902138906e-05]
    [-7.928107675687727e-06, 3.6520069234397462e-06, 3.3442714911742456e-06, 1.9442375840562524e-05, 1.6884311300184408e-05, 2.8860793579173644e-06, 3.086324678003362e-05, 1.3768570206578278e-05, 0.000608226888610503, -1.435425740569692e-05]
    [-1.626149285231732e-05, 1.1330703893914233e-05, -1.0569582920063276e-05, 1.6317197259205282e-06, -2.7118379833158863e-05, 1.5177176038483836e-05, -2.168609816082294e-05, 2.0352742902138902e-05, -1.4354257405696921e-05, 0.0006167648551119563]
process 6:
  max_log_density: -0.9010108348955171
  max_importance_weight: 0.03492827867931722
  sum_importance_weight: 6.562798461718602
  weighted_mean: [0.2482243910568305, 0.6063371409981445, 0.53376375146048, 0.17721912711867516, 0.5354678986031074, 0.3211187982897378, 0.3191830696881489, 0.821384729022025, 0.24942094209784885, 0.6799847082000381]
  weighted_cov_diag: [0.0006146301784728208, 0.0006020128028932221, 0.000600633528350484, 0.000645540530375504, 0.0006450603022088409, 0.000674872573223706, 0.0006587766868347249, 0.0005702475422350472, 0.0006038785322625907, 0.0006367609790482673]
  weighted_cov:

    [0.0006146301784728208, -3.375189327750187e-06, -3.1343201771767935e-05, -3.3366469616556944e-05, 1.4456698546368582e-05, -7.1649379026752575e-06, -1.506748320064147e-05, 1.151567315622054e-05, -2.1032033413853008e-05, -6.414904111060761e-06]
    [-3.3751893277501847e-06, 0.0006020128028932221, -2.311701549449371e-05, -1.338635232426798e-06, 6.827048568063836e-06, -1.0790710950811833e-05, 4.983886534240371e-06, -1.9605671138989384e-05, -8.174310024176822e-07, -1.8092164977194113e-05]
    [-3.1343201771767935e-05, -2.31170154944937e-05, 0.000600633528350484, -2.8139833482069765e-05, -1.2118473358390958e-05, -3.500987530882447e-05, -1.2339783326509094e-05, -1.1560622252905965e-05, -2.2408164862293416e-05, 2.6020720157870873e-05]
    [-3.336646961655695e-05, -1.3386352324267995e-06, -2.813983348206977e-05, 0.000645540530375504, 1.4495313117144623e-05, 2.6561849167622225e-06, -9.853899435675306e-06, -1.4136377179405342e-05, 1.4242281669691335e-05, 6.988681818113306e-06]
    [1.4456698546368573e-05, 6.82704856806384e-06, -1.2118473358390955e-05, 1.4495313117144618e-05, 0.0006450603022088409, 2.404533948128823e-07, -8.395788897921678e-06, 2.710522480198015e-06, 2.329957677583591e-05, -1.6193871890333707e-05]
    [-7.164937902675259e-06, -1.0790710950811833e-05, -3.500987530882448e-05, 2.6561849167622267e-06, 2.4045339481288004e-07, 0.000674872573223706, -1.4443529313356523e-05, -2.3186233739554294e-05, 2.6483747204003315e-05, -1.1403246840693187e-05]
    [-1.506748320064147e-05, 4.983886534240369e-06, -1.2339783326509094e-05, -9.853899435675302e-06, -8.395788897921685e-06, -1.4443529313356526e-05, 0.0006587766868347249, -1.024562482341674e-05, 6.848618512939178e-07, 5.111811948476135e-05]
    [1.1515673156220535e-05, -1.9605671138989384e-05, -1.1560622252905968e-05, -1.4136377179405337e-05, 2.7105224801980087e-06, -2.3186233739554294e-05, -1.0245624823416738e-05, 0.0005702475422350472, 3.65859883202814e-05, 1.1492549526397005e-05]
    [-2.103203341385301e-05, -8.17431002417677e-07, -2.2408164862293416e-05, 1.4242281669691335e-05, 2.3299576775835905e-05, 2.6483747204003315e-05, 6.848618512939167e-07, 3.6585988320281384e-05, 0.0006038785322625907, 1.0584081859506402e-05]
    [-6.414904111060755e-06, -1.8092164977194113e-05, 2.6020720157870873e-05, 6.988681818113311e-06, -1.6193871890333714e-05, -1.140324684069319e-05, 5.1118119484761374e-05, 1.1492549526397005e-05, 1.0584081859506406e-05, 0.0006367609790482673]
process 7:
  max_log_density: -0.9211173637544876
  max_importance_weight: 0.03174629728432081
  sum_importance_weight: 7.423892904080874
  weighted_mean: [0.7507071815389349, 0.17888566382744844, 0.7507016136319246, 0.6071513942979934, 0.17786580285416237, 0.46390604788244205, 0.5350597438116321, 0.7497828149249746, 0.4643506245908804, 0.6074309757657969]
  weighted_cov_diag: [0.0006755684127960546, 0.0006387679732193056, 0.0005949456115013295, 0.0005954515929039624, 0.0006284189140128632, 0.0006299847458053462, 0.0005958675633094221, 0.0006249735783285869, 0.0006686943643175072, 0.0005619424915598221]
  weighted_cov:

    [0.0006755684127960546, -6.33206562649314e-06, 2.5878677508046804e-06, 2.636606504580365e-05, -9.848524553182613e-06, 2.1576725241902516e-06, 1.5670213663984496e-05, 2.3384245198582227e-06, 6.235558465707456e-06, 5.83496527915909e-06]
    [-6.332065626493134e-06, 0.0006387679732193056, -6.3480159727652874e-06, 3.6831391919942904e-05, -7.3059857886101396e-06, -9.91357325257948e-06, -8.111760452744722e-06, -1.2977999510116701e-05, 1.4001221007189363e-05, 2.5824860233091264e-06]
    [2.587867750804685e-06, -6.348015972765284e-06, 0.0005949456115013295, -9.525345718601209e-06, 2.0171123396531116e-05, 2.0643500129721507e-05, 1.36146906704372e-06, 1.4872589573949661e-05, 1.430731043634019e-05, -3.7023086130648064e-06]
    [2.6366065045803655e-05, 3.68313919199429e-05, -9.525345718601209e-06, 0.0005954515929039624, -4.243046797539799e-06, 2.289657355605953e-06, 4.1637298441658154e-05, 1.8079635884737265e-05, -2.7605930567501322e-05, -2.9923768263142877e-06]
    [-9.84852455318261e-06, -7.305985788610137e-06, 2.0171123396531112e-05, -4.243046797539797e-06, 0.0006284189140128632, 1.112900014751217e-06, -7.995177885663668e-07, -1.8239539227174688e-05, -4.437578677065164e-06, -1.1230910239292798e-05]
    [2.1576725241902482e-06, -9.91357325257948e-06, 2.0643500129721503e-05, 2.289657355605951e-06, 1.112900014751217e-06, 0.0006299847458053462, -1.070419330351515e-05, 1.725927403654746e-05, 8.035944666760439e-06, -1.2389481129504889e-05]
    [1.56702136639845e-05, -8.111760452744722e-06, 1.3614690670437216e-06, 4.1637298441658154e-05, -7.99517788566372e-07, -1.0704193303515155e-05, 0.0005958675633094221, -4.613194505119534e-06, 3.785719666075928e-06, -2.8025008949693067e-06]
    [2.3384245198582197e-06, -1.2977999510116698e-05, 1.4872589573949663e-05, 1.8079635884737268e-05, -1.823953922717469e-05, 1.725927403654746e-05, -4.613194505119538e-06, 0.0006249735783285869, -2.0482030698572005e-06, -3.985578005085284e-06]
    [6.235558465707458e-06, 1.4001221007189368e-05, 1.4307310436340188e-05, -2.7605930567501326e-05, -4.437578677065174e-06, 8.035944666760445e-06, 3.785719666075927e-06, -2.048203069857207e-06, 0.0006686943643175072, 7.723658355784594e-06]
    [5.83496527915909e-06, 2.5824860233091218e-06, -3.702308613064808e-06, -2.9923768263142974e-06, -1.1230910239292796e-05, -1.2389481129504885e-05, -2.802500894969304e-06, -3.9855780050852845e-06, 7.723658355784594e-06, 0.0005619424915598221]
process 8:
  max_log_density: -1.0251931630868352
  max_importance_weight: 0.03873552988506712
  sum_importance_weight: 6.5340822309199265
  weighted_mean: [0.4635346964213922, 0.6783938913559612, 0.3224788098286137, 0.3932372499416563, 0.4648968314517423, 0.8223507265048051, 0.4648073231750703, 0.6084564495633715, 0.8215862906849011, 0.7489562444138835]
  weighted_cov_diag: [0.0006462612115272002, 0.0006511859446207165, 0.0006323234428092314, 0.0006503872452055384, 0.0006292156767240047, 0.000649510619887759, 0.0005886392194262476, 0.0006219738617800431, 0.0006419536936979124, 0.0006360434324104044]
  weighted_cov:

    [0.0006462612115272002, 6.6502190750958385e-06, 1.5369963411647698e-05, 3.3339562906625785e-05, 2.127927737477121e-05, 1.6357076003519192e-05, 1.2385305913454512e-05, -1.5006446766098078e-05, 1.9744216432739304e-05, 7.063989197670627e-06]
    [6.650219075095836e-06, 0.0006511859446207165, 4.500977686555731e-06, -7.023442508005226e-06, -1.5715482568289603e-05, -6.136760152221138e-06, 2.510027991112741e-05, 1.688282296225905e-05, -2.302698296363044e-05, -1.5650751839296482e-05]
    [1.5369963411647698e-05, 4.500977686555732e-06, 0.0006323234428092314, -2.358745663372494e-05, 1.3241038491629267e-05, 2.2096158348322644e-05, -1.2478970360453442e-05, 2.733453700219638e-05, 3.3495111199385505e-05, -2.172187155079498e-05]
    [3.3339562906625785e-05, -7.023442508005227e-06, -2.358745663372493e-05, 0.0006503872452055384, -1.181119977985554e-05, 1.66278197039883e-05, 6.520599573571234e-06, 1.008018163278212e-05, 2.71857957276332e-06, -1.4254553452022194e-05]
    [2.1279277374771207e-05, -1.5715482568289603e-05, 1.3241038491629266e-05, -1.181119977985554e-05, 0.0006292156767240047, 4.218709144408382e-05, 1.5449056972680104e-05, -9.242856788657653e-06, -2.1929911033374835e-05, -7.828642682257573e-06]
    [1.6357076003519192e-05, -6.13676015222114e-06, 2.209615834832264e-05, 1.6627819703988306e-05, 4.218709144408383e-05, 0.000649510619887759, -1.9874912178026574e-05, -2.098998508169398e-05, -2.733322203660034e-05, -6.810261900895204e-06]
    [1.2385305913454515e-05, 2.510027991112741e-05, -1.2478970360453448e-05, 6.5205995735712415e-06, 1.54490569726801e-05, -1.9874912178026584e-05, 0.0005886392194262476, -4.5891299366147145e-05, -8.556055420123305e-06, -4.2289916646115e-06]
    [-1.5006446766098078e-05, 1.6882822962259044e-05, 2.733453700219639e-05, 1.0080181632782106e-05, -9.242856788657656e-06, -2.098998508169398e-05, -4.589129936614714e-05, 0.0006219738617800431, 2.6014931836514772e-05, 5.586256202932781e-06]
    [1.9744216432739304e-05, -2.3026982963630443e-05, 3.349511119938549e-05, 2.718579572763323e-06, -2.1929911033374835e-05, -2.7333222036600346e-05, -8.556055420123305e-06, 2.6014931836514775e-05, 0.0006419536936979124, -2.6851687407432555e-05]
    [7.063989197670629e-06, -1.565075183929648e-05, -2.1721871550794982e-05, -1.4254553452022187e-05, -7.828642682257563e-06, -6.810261900895207e-06, -4.228991664611494e-06, 5.586256202932783e-06, -2.6851687407432548e-05, 0.0006360434324104044]
process 9:
  max_log_density: -1.1864812803955835
  max_importance_weight: 0.04088175667413878
  sum_importance_weight: 6.7199210523491235
  weighted_mean: [0.3218037540350125, 0.7517624227962441, 0.6066511644305681, 0.6783498979818422, 0.6785560606949624, 0.6083783464516812, 0.821843929756056, 0.3940591896927206, 0.7497707309486065, 0.24998740892058682]
  weighted_cov_diag: [0.0006510673319823549, 0.0005919003849495618, 0.0006210132223081927, 0.0006551010249852363, 0.0005942664873233518, 0.0006321373032910702, 0.0006434486016136297, 0.0006199793931002116, 0.000619350840513254, 0.0006245599158038054]
  weighted_cov:

    [0.0006510673319823549, -1.580083811773603e-06, 1.9009634998810428e-05, 2.6953235294987488e-05, 3.224061561426015e-05, -1.5013755955583115e-05, -2.122503725787456e-05, -2.0207127982389184e-05, 2.185784449475627e-05, -4.242034047188233e-06]
    [-1.580083811773601e-06, 0.0005919003849495618, 1.4435133252178753e-05, -3.2845725161612993e-06, -2.395561921049981e-05, 1.2223738006074505e-05, -2.5382984977105177e-05, -3.698198038643684e-05, -4.207462909502577e-06, -7.2218366649343214e-06]
    [1.9009634998810428e-05, 1.4435133252178761e-05, 0.0006210132223081927, -3.32944619084446e-05, -2.2821720702869048e-05, -2.573286359269037e-05, -1.6839800136334843e-05, 2.8642186805178583e-05, -9.743290497023248e-06, 9.732958980587148e-06]
    [2.6953235294987488e-05, -3.284572516161302e-06, -3.32944619084446e-05, 0.0006551010249852363, -8.310988216830114e-06, 5.20648353701516e-06, -1.0973766234685672e-05, 7.150841080398713e-06, -2.5677865524784115e-05, -1.9967980254479805e-05]
    [3.224061561426016e-05, -2.3955619210499807e-05, -2.282172070286904e-05, -8.310988216830115e-06, 0.0005942664873233518, 1.9710136184943444e-06, -1.4389526748256213e-05, 2.409201892079363e-05, -1.2696017929300746e-05, 2.139899853267715e-05]
    [-1.5013755955583118e-05, 1.2223738006074504e-05, -2.5732863592690374e-05, 5.206483537015154e-06, 1.971013618494356e-06, 0.0006321373032910702, -3.987187665320202e-06, -2.07569159083738e-05, 7.0266814450399625e-06, 3.298085636367248e-05]
    [-2.122503725787456e-05, -2.5382984977105167e-05, -1.6839800136334846e-05, -1.0973766234685674e-05, -1.4389526748256211e-05, -3.987187665320195e-06, 0.0006434486016136297, 4.6724198169687205e-06, -1.9747777876391708e-06, 7.495547878323443e-06]
    [-2.0207127982389194e-05, -3.698198038643683e-05, 2.8642186805178583e-05, 7.15084108039872e-06, 2.4092018920793635e-05, -2.0756915908373788e-05, 4.672419816968719e-06, 0.0006199793931002116, -2.417075392491697e-05, -4.880099386194014e-08]
    [2.1857844494756274e-05, -4.207462909502575e-06, -9.74329049702325e-06, -2.567786552478411e-05, -1.2696017929300746e-05, 7.026681445039958e-06, -1.9747777876391737e-06, -2.4170753924916963e-05, 0.000619350840513254, -7.626704083965547e-07]
    [-4.242034047188237e-06, -7.221836664934324e-06, 9.732958980587151e-06, -1.9967980254479798e-05, 2.139899853267715e-05, 3.298085636367248e-05, 7.495547878323448e-06, -4.880099386194115e-08, -7.626704083965571e-07, 0.0006245599158038054]